FUNIT: Hz
UNIT: dB
1.000000e+04 [-0.66, -42.11] [-0.46, -41.11] [-0.26, -40.11]
1.000000e+07 [-0.66, -42.11] [-0.46, -41.11] [-0.26, -40.11]
1.038189e+07 [0.01, -42.87] [0.21, -41.87] [0.41, -40.87]
1.077836e+07 [-0.47, -47.64] [-0.27, -46.64] [-0.07, -45.64]
1.118997e+07 [-0.11, -47.10] [0.09, -46.10] [0.29, -45.10]
1.161731e+07 [-0.20, -49.92] [0.00, -48.92] [0.20, -47.92]
1.206096e+07 [-0.75, -48.42] [-0.55, -47.42] [-0.35, -46.42]
1.252155e+07 [-0.53, -51.01] [-0.33, -50.01] [-0.13, -49.01]
1.299974e+07 [-0.30, -55.37] [-0.10, -54.37] [0.10, -53.37]
1.349618e+07 [-0.47, -56.90] [-0.27, -55.90] [-0.07, -54.90]
1.401158e+07 [-0.44, -59.08] [-0.24, -58.08] [-0.04, -57.08]
1.454667e+07 [-0.34, -59.34] [-0.14, -58.34] [0.06, -57.34]
1.510219e+07 [-0.33, -63.12] [-0.13, -62.12] [0.07, -61.12]
1.567893e+07 [-0.65, -64.60] [-0.45, -63.60] [-0.25, -62.60]
1.627769e+07 [-0.47, -68.64] [-0.27, -67.64] [-0.07, -66.64]
1.689931e+07 [-0.46, -71.29] [-0.26, -70.29] [-0.06, -69.29]
1.754468e+07 [-0.57, -73.72] [-0.37, -72.72] [-0.17, -71.72]
1.821469e+07 [-0.72, -77.26] [-0.52, -76.26] [-0.32, -75.26]
1.891029e+07 [-0.45, -78.76] [-0.25, -77.76] [-0.05, -76.76]
1.963245e+07 [-0.48, -80.55] [-0.28, -79.55] [-0.08, -78.55]
2.038219e+07 [-0.45, -84.42] [-0.25, -83.42] [-0.05, -82.42]
2.116056e+07 [-0.52, -86.75] [-0.32, -85.75] [-0.12, -84.75]
2.196866e+07 [-0.46, -89.94] [-0.26, -88.94] [-0.06, -87.94]
2.280762e+07 [-0.62, -93.48] [-0.42, -92.48] [-0.22, -91.48]
2.367862e+07 [-0.43, -98.01] [-0.23, -97.01] [-0.03, -96.01]
2.458288e+07 [-0.67, -100.53] [-0.47, -99.53] [-0.27, -98.53]
2.552167e+07 [-0.43, -104.05] [-0.23, -103.05] [-0.03, -102.05]
2.649631e+07 [-0.53, -108.00] [-0.33, -107.00] [-0.13, -106.00]
2.750818e+07 [-0.57, -110.98] [-0.37, -109.98] [-0.17, -108.98]
2.855868e+07 [-0.44, -117.31] [-0.24, -116.31] [-0.04, -115.31]
2.964930e+07 [-0.31, -120.34] [-0.11, -119.34] [0.09, -118.34]
3.078158e+07 [-0.58, -125.97] [-0.38, -124.97] [-0.18, -123.97]
3.195709e+07 [-0.52, -130.29] [-0.32, -129.29] [-0.12, -128.29]
3.317750e+07 [-0.37, -135.45] [-0.17, -134.45] [0.03, -133.45]
3.444451e+07 [-0.38, -139.62] [-0.18, -138.62] [0.02, -137.62]
3.575990e+07 [-0.58, -145.97] [-0.38, -144.97] [-0.18, -143.97]
3.712553e+07 [-0.63, -150.41] [-0.43, -149.41] [-0.23, -148.41]
3.854331e+07 [-0.67, -156.17] [-0.47, -155.17] [-0.27, -154.17]
4.001524e+07 [-0.49, -163.04] [-0.29, -162.04] [-0.09, -161.04]
4.154338e+07 [-0.65, -169.24] [-0.45, -168.24] [-0.25, -167.24]
4.312987e+07 [-0.57, -174.52] [-0.37, -173.52] [-0.17, -172.52]
4.477695e+07 [-0.67, 178.21] [-0.47, 179.21] [-0.27, 180.21]
4.648693e+07 [-0.53, 171.10] [-0.33, 172.10] [-0.13, 173.10]
4.826221e+07 [-0.67, 163.17] [-0.47, 164.17] [-0.27, 165.17]
5.010529e+07 [-0.53, 156.55] [-0.33, 157.55] [-0.13, 158.55]
5.201875e+07 [-0.51, 148.69] [-0.31, 149.69] [-0.11, 150.69]
5.400529e+07 [-0.63, 141.06] [-0.43, 142.06] [-0.23, 143.06]
5.606769e+07 [-0.60, 132.46] [-0.40, 133.46] [-0.20, 134.46]
5.820885e+07 [-0.64, 123.30] [-0.44, 124.30] [-0.24, 125.30]
6.043178e+07 [-0.55, 114.78] [-0.35, 115.78] [-0.15, 116.78]
6.273960e+07 [-0.70, 105.89] [-0.50, 106.89] [-0.30, 107.89]
6.513556e+07 [-0.70, 96.46] [-0.50, 97.46] [-0.30, 98.46]
6.762301e+07 [-0.58, 86.72] [-0.38, 87.72] [-0.18, 88.72]
7.020545e+07 [-0.68, 75.75] [-0.48, 76.75] [-0.28, 77.75]
7.288652e+07 [-0.61, 64.70] [-0.41, 65.70] [-0.21, 66.70]
7.566997e+07 [-0.68, 53.93] [-0.48, 54.93] [-0.28, 55.93]
7.855972e+07 [-0.73, 42.19] [-0.53, 43.19] [-0.33, 44.19]
8.155983e+07 [-0.63, 29.79] [-0.43, 30.79] [-0.23, 31.79]
8.467450e+07 [-0.62, 17.53] [-0.42, 18.53] [-0.22, 19.53]
8.790813e+07 [-0.67, 4.62] [-0.47, 5.62] [-0.27, 6.62]
9.126524e+07 [-0.74, -8.60] [-0.54, -7.60] [-0.34, -6.60]
9.475055e+07 [-0.67, -22.64] [-0.47, -21.64] [-0.27, -20.64]
9.836897e+07 [-0.70, -37.14] [-0.50, -36.14] [-0.30, -35.14]
1.021256e+08 [-0.71, -52.38] [-0.51, -51.38] [-0.31, -50.38]
1.060256e+08 [-0.72, -68.14] [-0.52, -67.14] [-0.32, -66.14]
1.100746e+08 [-0.73, -84.14] [-0.53, -83.14] [-0.33, -82.14]
1.142782e+08 [-0.74, -101.17] [-0.54, -100.17] [-0.34, -99.17]
1.186424e+08 [-0.74, -118.64] [-0.54, -117.64] [-0.34, -116.64]
1.231732e+08 [-0.75, -136.87] [-0.55, -135.87] [-0.35, -134.87]
1.278771e+08 [-0.81, -155.64] [-0.61, -154.64] [-0.41, -153.64]
1.327605e+08 [-0.76, -175.33] [-0.56, -174.33] [-0.36, -173.33]
1.378305e+08 [-0.79, 164.12] [-0.59, 165.12] [-0.39, 166.12]
1.430941e+08 [-0.78, 143.32] [-0.58, 144.32] [-0.38, 145.32]
1.485587e+08 [-0.79, 121.33] [-0.59, 122.33] [-0.39, 123.33]
1.542320e+08 [-0.77, 98.45] [-0.57, 99.45] [-0.37, 100.45]
1.601219e+08 [-0.81, 74.77] [-0.61, 75.77] [-0.41, 76.77]
1.662368e+08 [-0.81, 50.23] [-0.61, 51.23] [-0.41, 52.23]
1.725852e+08 [-0.82, 24.91] [-0.62, 25.91] [-0.42, 26.91]
1.791760e+08 [-0.84, -1.71] [-0.64, -0.71] [-0.44, 0.29]
1.860186e+08 [-0.83, -29.11] [-0.63, -28.11] [-0.43, -27.11]
1.931224e+08 [-0.86, -57.62] [-0.66, -56.62] [-0.46, -55.62]
2.004975e+08 [-0.87, -87.27] [-0.67, -86.27] [-0.47, -85.27]
2.081543e+08 [-0.89, -118.00] [-0.69, -117.00] [-0.49, -116.00]
2.161035e+08 [-0.89, -149.83] [-0.69, -148.83] [-0.49, -147.83]
2.243562e+08 [-0.91, 176.95] [-0.71, 177.95] [-0.51, 178.95]
2.329241e+08 [-0.90, 142.71] [-0.70, 143.71] [-0.50, 144.71]
2.418192e+08 [-0.94, 106.95] [-0.74, 107.95] [-0.54, 108.95]
2.510540e+08 [-0.95, 69.88] [-0.75, 70.88] [-0.55, 71.88]
2.606415e+08 [-0.93, 31.35] [-0.73, 32.35] [-0.53, 33.35]
2.705951e+08 [-0.97, -8.54] [-0.77, -7.54] [-0.57, -6.54]
2.809288e+08 [-0.98, -49.97] [-0.78, -48.97] [-0.58, -47.97]
2.916571e+08 [-1.01, -92.98] [-0.81, -91.98] [-0.61, -90.98]
3.027952e+08 [-1.00, -137.73] [-0.80, -136.73] [-0.60, -135.73]
3.143586e+08 [-1.01, 175.89] [-0.81, 176.89] [-0.61, 177.89]
3.263636e+08 [-1.05, 127.61] [-0.85, 128.61] [-0.65, 129.61]
3.388271e+08 [-1.06, 77.69] [-0.86, 78.69] [-0.66, 79.69]
3.517665e+08 [-1.10, 25.92] [-0.90, 26.92] [-0.70, 27.92]
3.652000e+08 [-1.09, -27.84] [-0.89, -26.84] [-0.69, -25.84]
3.791466e+08 [-1.10, -83.76] [-0.90, -82.76] [-0.70, -81.76]
3.936258e+08 [-1.10, -141.95] [-0.90, -140.95] [-0.70, -139.95]
4.086579e+08 [-1.14, 157.58] [-0.94, 158.58] [-0.74, 159.58]
4.242641e+08 [-1.17, 95.08] [-0.97, 96.08] [-0.77, 97.08]
4.404662e+08 [-1.18, 30.29] [-0.98, 31.29] [-0.78, 32.29]
4.572871e+08 [-1.19, -37.21] [-0.99, -36.21] [-0.79, -35.21]
4.747504e+08 [-1.19, -107.35] [-0.99, -106.35] [-0.79, -105.35]
4.928806e+08 [-1.22, -179.95] [-1.02, -178.95] [-0.82, -177.95]
5.117031e+08 [-1.23, 104.50] [-1.03, 105.50] [-0.83, 106.50]
5.312445e+08 [-1.26, 26.10] [-1.06, 27.10] [-0.86, 28.10]
5.515321e+08 [-1.28, -55.37] [-1.08, -54.37] [-0.88, -53.37]
5.725945e+08 [-1.31, -139.76] [-1.11, -138.76] [-0.91, -137.76]
5.944612e+08 [-1.31, 132.50] [-1.11, 133.50] [-0.91, 134.50]
6.171630e+08 [-1.33, 41.33] [-1.13, 42.33] [-0.93, 43.33]
6.407317e+08 [-1.35, -53.34] [-1.15, -52.34] [-0.95, -51.34]
6.652006e+08 [-1.37, -151.59] [-1.17, -150.59] [-0.97, -149.59]
6.906038e+08 [-1.40, 106.50] [-1.20, 107.50] [-1.00, 108.50]
7.169772e+08 [-1.43, 0.69] [-1.23, 1.69] [-1.03, 2.69]
7.443577e+08 [-1.45, -109.27] [-1.25, -108.27] [-1.05, -107.27]
7.727839e+08 [-1.48, 136.59] [-1.28, 137.59] [-1.08, 138.59]
8.022956e+08 [-1.50, 17.95] [-1.30, 18.95] [-1.10, 19.95]
8.329344e+08 [-1.55, -105.10] [-1.35, -104.10] [-1.15, -103.10]
8.647432e+08 [-1.57, 127.08] [-1.37, 128.08] [-1.17, 129.08]
8.977667e+08 [-1.60, -5.67] [-1.40, -4.67] [-1.20, -3.67]
9.320514e+08 [-1.65, -143.69] [-1.45, -142.69] [-1.25, -141.69]
9.676454e+08 [-1.68, 73.10] [-1.48, 74.10] [-1.28, 75.10]
1.004599e+09 [-1.73, -75.85] [-1.53, -74.85] [-1.33, -73.85]
1.042963e+09 [-1.81, 129.35] [-1.61, 130.35] [-1.41, 131.35]
1.082793e+09 [-1.90, -31.06] [-1.70, -30.06] [-1.50, -29.06]
1.124143e+09 [-2.13, 161.41] [-1.93, 162.41] [-1.73, 163.41]
1.167073e+09 [-2.27, -10.55] [-2.07, -9.55] [-1.87, -8.55]
1.211642e+09 [-2.52, 168.97] [-2.32, 169.97] [-2.12, 170.97]
1.257913e+09 [-2.88, -16.11] [-2.68, -15.11] [-2.48, -14.11]
1.305952e+09 [-2.83, 151.05] [-2.63, 152.05] [-2.43, 153.05]
1.355825e+09 [-3.11, -48.44] [-2.91, -47.44] [-2.71, -46.44]
1.407602e+09 [-2.98, 103.11] [-2.78, 104.11] [-2.58, 105.11]
1.461357e+09 [-2.72, -116.24] [-2.52, -115.24] [-2.32, -114.24]
1.517164e+09 [-2.75, 15.08] [-2.55, 16.08] [-2.35, 17.08]
1.575103e+09 [-3.31, 134.99] [-3.11, 135.99] [-2.91, 136.99]
1.635254e+09 [-4.69, -112.72] [-4.49, -111.72] [-4.29, -110.72]
1.697703e+09 [-5.64, -5.06] [-5.44, -4.06] [-5.24, -3.06]
1.762536e+09 [-6.39, 94.10] [-6.19, 95.10] [-5.99, 96.10]
1.829845e+09 [-5.84, 166.74] [-5.64, 167.74] [-5.44, 168.74]
1.899725e+09 [-11.67, -150.16] [-11.47, -149.16] [-11.27, -148.16]
1.972273e+09 [-21.31, -74.52] [-21.11, -73.52] [-20.91, -72.52]
2.047592e+09 [-31.09, 35.07] [-30.89, 36.07] [-30.69, 37.07]
2.125787e+09 [-33.17, -167.76] [-32.97, -166.76] [-32.77, -165.76]
2.206969e+09 [-16.90, -74.71] [-16.70, -73.71] [-16.50, -72.71]
2.291250e+09 [-15.34, -100.63] [-15.14, -99.63] [-14.94, -98.63]
2.378751e+09 [-14.50, -73.82] [-14.30, -72.82] [-14.10, -71.82]
2.469592e+09 [-9.33, -64.86] [-9.13, -63.86] [-8.93, -62.86]
2.563903e+09 [-4.50, -116.86] [-4.30, -115.86] [-4.10, -114.86]
2.661816e+09 [-8.13, -170.80] [-7.93, -169.80] [-7.73, -168.80]
2.763468e+09 [-12.04, 159.74] [-11.84, 160.74] [-11.64, 161.74]
2.869001e+09 [-9.50, 118.31] [-9.30, 119.31] [-9.10, 120.31]
2.978565e+09 [-5.72, 43.83] [-5.52, 44.83] [-5.32, 45.83]
3.092313e+09 [-3.20, -74.88] [-3.00, -73.88] [-2.80, -72.88]
3.210405e+09 [-4.88, 160.81] [-4.68, 161.81] [-4.48, 162.81]
3.333007e+09 [-4.47, 35.72] [-4.27, 36.72] [-4.07, 37.72]
3.460290e+09 [-3.53, -133.09] [-3.33, -132.09] [-3.13, -131.09]
3.592435e+09 [-6.48, 42.92] [-6.28, 43.92] [-6.08, 44.92]
3.729626e+09 [-10.27, -134.71] [-10.07, -133.71] [-9.87, -132.71]
3.872056e+09 [-12.03, 55.45] [-11.83, 56.45] [-11.63, 57.45]
4.019925e+09 [-4.58, 173.93] [-4.38, 174.93] [-4.18, 175.93]
4.173442e+09 [-6.45, -94.15] [-6.25, -93.15] [-6.05, -92.15]
4.332821e+09 [-4.13, -16.90] [-3.93, -15.90] [-3.73, -14.90]
4.498286e+09 [-8.46, 8.90] [-8.26, 9.90] [-8.06, 10.90]
4.670071e+09 [-12.23, 65.41] [-12.03, 66.41] [-11.83, 67.41]
4.848415e+09 [-7.90, 92.97] [-7.70, 93.97] [-7.50, 94.97]
5.033571e+09 [-7.15, 15.68] [-6.95, 16.68] [-6.75, 17.68]
5.225797e+09 [-9.27, -41.46] [-9.07, -40.46] [-8.87, -39.46]
5.425364e+09 [-21.78, 144.92] [-21.58, 145.92] [-21.38, 146.92]
5.632553e+09 [-35.76, -143.52] [-35.56, -142.52] [-35.36, -141.52]
5.847653e+09 [-42.18, 33.02] [-41.98, 34.02] [-41.78, 35.02]
6.070969e+09 [-25.16, 128.28] [-24.96, 129.28] [-24.76, 130.28]
6.302812e+09 [-12.34, -88.04] [-12.14, -87.04] [-11.94, -86.04]
6.543509e+09 [-8.49, -74.17] [-8.29, -73.17] [-8.09, -72.17]
6.793398e+09 [-8.32, 18.25] [-8.12, 19.25] [-7.92, 20.25]
7.052830e+09 [-8.91, 23.28] [-8.71, 24.28] [-8.51, 25.28]
7.322170e+09 [-13.46, -9.88] [-13.26, -8.88] [-13.06, -7.88]
7.601795e+09 [-13.60, 24.28] [-13.40, 25.28] [-13.20, 26.28]
7.892099e+09 [-10.02, -87.26] [-9.82, -86.26] [-9.62, -85.26]
8.193489e+09 [-12.35, 105.21] [-12.15, 106.21] [-11.95, 107.21]
8.506389e+09 [-15.24, 6.44] [-15.04, 7.44] [-14.84, 8.44]
8.831239e+09 [-10.18, 118.97] [-9.98, 119.97] [-9.78, 120.97]
9.168493e+09 [-16.94, -178.13] [-16.74, -177.13] [-16.54, -176.13]
9.518628e+09 [-10.10, -97.18] [-9.90, -96.18] [-9.70, -95.18]
9.882133e+09 [-11.62, -138.84] [-11.42, -137.84] [-11.22, -136.84]
1.025952e+10 [-14.74, 166.10] [-14.54, 167.10] [-14.34, 168.10]
1.065132e+10 [-12.82, 7.60] [-12.62, 8.60] [-12.42, 9.60]
1.105808e+10 [-21.30, -170.44] [-21.10, -169.44] [-20.90, -168.44]
1.148038e+10 [-16.36, -136.34] [-16.16, -135.34] [-15.96, -134.34]
1.191880e+10 [-53.02, -41.05] [-52.82, -40.05] [-52.62, -39.05]
1.237396e+10 [-35.50, 36.66] [-35.30, 37.66] [-35.10, 38.66]
1.284651e+10 [-41.85, 122.06] [-41.65, 123.06] [-41.45, 124.06]
1.333711e+10 [-36.46, -179.56] [-36.26, -178.56] [-36.06, -177.56]
1.384643e+10 [-27.79, 43.23] [-27.59, 44.23] [-27.39, 45.23]
1.437521e+10 [-31.17, 123.30] [-30.97, 124.30] [-30.77, 125.30]
1.492419e+10 [-28.32, 165.00] [-28.12, 166.00] [-27.92, 167.00]
1.549412e+10 [-24.65, 38.38] [-24.45, 39.38] [-24.25, 40.38]
1.608583e+10 [-18.84, -169.87] [-18.64, -168.87] [-18.44, -167.87]
1.670013e+10 [-21.15, -114.43] [-20.95, -113.43] [-20.75, -112.43]
1.733789e+10 [-15.31, -125.04] [-15.11, -124.04] [-14.91, -123.04]
1.800000e+10 [-16.71, 66.68] [-16.51, 67.68] [-16.31, 68.68]
